measures number: 100
5.4836273193359375e-06
0.0003902912139892578
0.0005850791931152344
0.0009315013885498047
0.001070261001586914
0.0013158321380615234
0.0018863677978515625
0.0026276111602783203
0.0028183460235595703
0.003082275390625
0.0032036304473876953
0.004637479782104492
0.004763126373291016
0.004857778549194336
0.005051136016845703
0.0054438114166259766
0.00555109977722168
0.005997896194458008
0.006098270416259766
0.0062503814697265625
0.006779670715332031
0.006892204284667969
0.009383678436279297
0.009599924087524414
0.009797096252441406
0.009984254837036133
0.017169713973999023
0.010708808898925781
0.011551380157470703
0.010941505432128906
0.012192964553833008
0.011749744415283203
0.013105630874633789
0.012709856033325195
0.012472152709960938
0.012585163116455078
0.012852907180786133
0.012997627258300781
0.013446331024169922
0.013373851776123047
0.013544797897338867
0.01386570930480957
0.014140129089355469
0.014290809631347656
0.01891946792602539
0.01723480224609375
0.01971745491027832
0.01982426643371582
0.020066261291503906
0.020369291305541992
0.021273374557495117
0.020760536193847656
0.02094268798828125
0.02132105827331543
0.02205491065979004
0.02123856544494629
0.024559736251831055
0.02202892303466797
0.02268505096435547
0.02456188201904297
0.02280402183532715
0.023264169692993164
0.023768186569213867
0.02360367774963379
0.02414727210998535
0.02407217025756836
0.02443528175354004
0.024597883224487305
0.02480173110961914
0.024970531463623047
0.02564096450805664
0.025795698165893555
0.025677204132080078
0.025998592376708984
0.02634119987487793
0.02705073356628418
0.02695918083190918
0.02679896354675293
0.027333498001098633
0.027590036392211914
0.028068065643310547
0.02796649932861328
0.028312206268310547
0.028591156005859375
0.02862095832824707
0.028826475143432617
0.02923440933227539
0.029732704162597656
0.039520263671875
0.03458595275878906
0.04027843475341797
0.039998531341552734
0.04037952423095703
0.04010343551635742
0.04009079933166504
0.04084610939025879
0.04104137420654297
0.0414583683013916
0.04191184043884277
0.04172396659851074
