measures number: 100
256
68952
137808
243544
275544
307544
486992
518992
550992
582992
614992
941912
973912
1005912
1037912
1069912
1101912
1133912
1165912
1197912
1229912
1261912
2014800
2046800
2078800
2110800
2142800
2174800
2206800
2238800
2270800
2302800
2334800
2366800
2398800
2430800
2462800
2494800
2526800
2558800
2590800
2622800
2654800
2686800
4029528
4061528
4093528
4125528
4157528
4189528
4221528
4253528
4285528
4317528
4349528
4381528
4413528
4445528
4477528
4509528
4541528
4573528
4605528
4637528
4669528
4701528
4733528
4765528
4797528
4829528
4861528
4893528
4925528
4957528
4989528
5021528
5053528
5085528
5117528
5149528
5181528
5213528
5245528
5277528
5309528
5341528
5373528
5405528
8058960
8090960
8122960
8154960
8186960
8218960
8250960
8282960
8314960
8346960
8378960
8410960
